iterations <- 10000
changes <- 5
se <- 3
intervals <- c(5, 10)
within <- 12
plots <- 10